00000000000000000000000000000000000000000000000000000000000000000000000000000000000000000000000000000000000000000000000000000000000000000000000000000000000000000000000000000000000000000000000000000000000000000000000000000000000000000000000000000000000000000000000000000000000000000000000000000000000000000000000000000000000000000000000000000000000000000000000000000000000000000000000000000000000000000000000000000000000000000000
00000111111111110000000000000000000000000000000000000000000000000000000000000000000000000000000000000000000000000000000000000000000000000000000000000000000000000000000000000000000000000111111111111100000000000000000000000000000000000000000000000000000000000000000000000000000000000000000000000000000000000000000000000000000000000000000000000000000000000000000000000000000000000000000000000000000000000000000000000000000000000000
00011111111111111000000000000000000000000000000000000000000000000000000000000000000000000000000000000000000000000000000000000000000000000000000000000000000000000000000000000000000000011111111111111111100000000000000000000000000000000000000000000000000000000000000000000000000000000000000000000000000000000000000000000000000000000000000000000000000000000000000000000000000000000000000000000000000000000000000000000000000000000000
00111111111111111100000000000000000000000000000000000000000000000000000000000000000000000000000000000000000000000000000000000000000000000000000000000000000000000000000000000000000001111111111111111111111000000000000000000000000000000000000000000000000000000000000000000000000000000000000000000000000000000000000000000000000000000000000000000000000000000000000000000000000000000000000000000000000000000000000000000000000000000000
01111111111111111100000000000000000000000000000000000000000000000000000000000000000000000000000000000000000000000000000000000000000000000000000000000000000000000000000000000000000011111111111111111111111100000000000000000000000000000000000000000000000000000000000000000000000000000000000000000000000000000000000000000000000000000000000000000000000000000000000000000000000000000000000000000000000000000000000000000000000000000000
01111111111111111100000000000000000000000000000000000000000000000000000000000000000000000000000000000000000000000000000000000000000000000000000000000000000000000000000000000000000111111111111111111111111110000000000000000000000000000000000000000000000000000000000000000000000000000000000000000000000000000000000000000000000000000000000000000000000000000000000000000000000000000000000000000000000000000000000000000000000000000000
11111111111111111100000000000000000011111111111111110000000000111111111100000000000000111000000000111111111111111100000000000011111111110000000000000000000000000000000000000000001111111111111111111111111111000000000000001111111111111000000000000000001111100000000000111111000000000000011111111111111111000000000000000111111111100000000000000000011111111111111110000000000000011111111111111111111000000000011111111111111110000000
11111111111111111100000000000000011111111111111111111111000001111111111110000000000011111110000111111111111111111111110000001111111111111000000000000000000000000000000000000000011111111111111111111111111111100000000000111111111111111110000000000000011111110000000011111111100000000011111111111111111111111000000000011111111111110000000000000011111111111111111111111000000111111111111111111111111111000011111111111111111111111000
11111111111111111100000000000000111111111111111111111111110011111111111111000000000011111110001111111111111111111111111000001111111111111100000000000000000000000000000000000000111111111111111111111111111111110000000001111111111111111111100000000000111111111000000011111111110000000111111111111111111111111110000000111111111111110000000000000111111111111111111111111110001111111111111111111111111111000111111111111111111111111110
11111111111111111100000000000000111111111111111111111111110011111111111111100000000111111110001111111111111111111111111100011111111111111100000000000000000000000000000000000000111111111111111111111111111111110000000111111111111111111111110000000000111111111100000111111111111000000111111111111111111111111111000000111111111111111000000000000111111111111111111111111110011111111111111111111111111111000111111111111111111111111110
11111111111111111100000000000000111111111111111111111111110011111111111111100000000111111110001111111111111111111111111100011111111111111100000000000000000000000000000000000001111111111111111111100011111111110000000111111111111111111111111000000001111111111110001111111111111000000111111111111111111111111111100001111111111111111000000000000111111111111111111111111110011111111111111111111111111111000111111111111111111111111110
11111111111111111100000000000001111111111111111111111111110001111111111111110000000111111100011111111111111111111111111100011111111111111100000000000000000000000000000000000001111111111111111111000000111111111000001111111111111111111111111100000001111111111111011111111111111000000111111111111111111111111111110001111111111111111000000000000111111111111111111111111110011111111111111111111111111111000111111111111111111111111110
11111111111111111100000000000001111111111111111111111111110001111111111111110000001111111100011111111111111111111111111100111111111111111100000000000000000000000000000000000001111111111111111111000000111111111000011111111111111111111111111100000001111111111111111111111111111100000111111111111111111111111111110001111111111111111000000000001111111111111111111111111110001111111111111111111111111111000111111111111111111111111110
11111111111111111100000000000001111111111111111110000011100001111111111111111000001111111100011111111111111111100000111000111111111111111100000000000000000000000000000000000001111111111111111110000000111111111000011111111111111111111111111110000011111111111111111111111111111100000111111111111111110000111111110001111111111111111000000000001111111111111111110000011100000111111111111111111111111100001111111111111111110000011100
11111111111111111100000000000001111111111111111100000000000001111111111111111000001111111100011111111111111111000000000000111111111111111100000000000000000000000000000000000011111111111111111110000000011111111000111111111111100011111111111110000011111111111111111111111111111100000111111111111111100000011111110001111111111111111000000000001111111111111111100000000000000000001111111111111110000000001111111111111111100000000000
11111111111111111100000000000001111111111111111100000000000000111111111111111000011111111000011111111111111111000000000000111111111111111100000000000000000000000000000000000011111111111111111110000000011111100000111111111111000001111111111111000011111111111111111111111111111100000111111111111111100000011111111001111111111111111000000000001111111111111111100000000000000000001111111111111100000000001111111111111111100000000000
11111111111111111100000000000001111111111111111100000000000000111111111111111100011111111000011111111111111111000000000000111111111111111100000000000000000000000000000000000011111111111111111110000000000000000000111111111111000001111111111111000011111111111111111111111111111100000111111111111111100000011111110001111111111111111000000000001111111111111111100000000000000000001111111111111100000000001111111111111111110000000000
11111111111111111100000000000001111111111111111111100000000000011111111111111110111111111000011111111111111111111000000000111111111111111100000000000000000000000000000000000011111111111111111110000000000000000000111111111111000000111111111111000011111111111111111111111111111110000111111111111111110000111111110001111111111111111000000000001111111111111111111100000000000000001111111111111100000000001111111111111111111100000000
11111111111111111100000000000001111111111111111111111110000000011111111111111111111111110000011111111111111111111111100000111111111111111100000000000000000000000000000000000011111111111111111110000000000000000001111111111111000000111111111111000011111111111111111111111111111110000111111111111111111111111111110001111111111111111000000000001111111111111111111111110000000000001111111111111100000000001111111111111111111111111000
11111111111111111100000000000001111111111111111111111111000000001111111111111111111111110000011111111111111111111111110000111111111111111100000000000000000000000000000000000011111111111111111110000000000000000001111111111111000000111111111111100011111111111111111111111111111110001111111111111111111111111111110001111111111111111000000000001111111111111111111111111000000000001111111111111100000000001111111111111111111111111000
11111111111111111100000000000001111111111111111111111111000000001111111111111111111111100000011111111111111111111111110000111111111111111100000000000000000000000000000000000011111111111111111110000000000000000001111111111111000000111111111111100111111111111111111111111111111110001111111111111111111111111111100001111111111111111000000000001111111111111111111111111000000000001111111111111100000000001111111111111111111111111000
11111111111111111100000000000001111111111111111111111111000000000111111111111111111111100000011111111111111111111111100000111111111111111100000000000000000000000000000000000011111111111111111110000000011111110001111111111111000000111111111111100111111111111111111111111111111110001111111111111111111111111111000001111111111111111000000000001111111111111111111111111000000000001111111111111100000000001111111111111111111111111000
11111111111111111100000000000001111111111111111111111110000000000111111111111111111111100000011111111111111111111111100000111111111111111100000000000000000000000000000000000011111111111111111110000000011111111001111111111111000000111111111111100111111111111111111111111111111110001111111111111111111111111110000001111111111111111000000000001111111111111111111111110000000000001111111111111100000000001111111111111111111111110000
11111111111111111100000000000001111111111111111110000000000000000011111111111111111111000000011111111111111111100000000000111111111111111100000000000000000000000000000000000001111111111111111110000000111111111001111111111111000000111111111111000111111111111111111111111111111110000111111111111111111111111000000001111111111111111000000000001111111111111111110000000000000000001111111111111100000000001111111111111111110000000000
11111111111111111110000000000001111111111111111100000000000000000011111111111111111111000000011111111111111111000000000000111111111111111100000000000000000000000000000000000001111111111111111111000000111111111000111111111111000000111111111111000111111111111111111111111111111111000111111111111111111000000000000001111111111111111000000000001111111111111111100000000000000000001111111111111100000000001111111111111111100000000000
11111111111111111110000000000001111111111111111100000000000000000001111111111111111110000000011111111111111111000000000000111111111111111100000000000000000000000000000000000001111111111111111111000001111111111000111111111111100000111111111111000111111110111111111011111111111111000111111111111111100000000000000001111111111111111000000000001111111111111111100000000000000000001111111111111100000000001111111111111111100000000000
11111111111111111111111111110001111111111111111100000000000000000001111111111111111110000000011111111111111111000000000000111111111111111110000000000000000000000000000000000000111111111111111111110111111111110000111111111111110001111111111111000111111110011111110011111111111111000111111111111111100000000000000001111111111111111000000000001111111111111111100000000000000000001111111111111100000000001111111111111111100000000000
11111111111111111111111111111001111111111111111111111111100000000000111111111111111100000000011111111111111111111111111000011111111111111111111111100000000000000000000000000000111111111111111111111111111111110000111111111111111011111111111110000111111110011111110011111111111111000111111111111111100000000000000001111111111111111111111110001111111111111111111111111100000000001111111111111100000000001111111111111111111111111100
11111111111111111111111111111001111111111111111111111111110000000000111111111111111100000000011111111111111111111111111100011111111111111111111111100000000000000000000000000000011111111111111111111111111111100000011111111111111111111111111110000111111110001111100011111111111111000111111111111111100000000000000001111111111111111111111111001111111111111111111111111110000000001111111111111100000000001111111111111111111111111110
01111111111111111111111111111001111111111111111111111111110000000000011111111111111000000000011111111111111111111111111100011111111111111111111111110000000000000000000000000000011111111111111111111111111111000000011111111111111111111111111100000111111110000111000011111111111111000111111111111111100000000000000001111111111111111111111111000111111111111111111111111110000000001111111111111100000000000111111111111111111111111110
01111111111111111111111111111000111111111111111111111111110000000000011111111111111000000000011111111111111111111111111100011111111111111111111111110000000000000000000000000000001111111111111111111111111111000000001111111111111111111111111100000111111100000000000001111111111111000111111111111111100000000000000001111111111111111111111111000111111111111111111111111110000000001111111111111100000000000111111111111111111111111110
01111111111111111111111111111000111111111111111111111111110000000000001111111111110000000000001111111111111111111111111100011111111111111111111111110000000000000000000000000000000111111111111111111111111110000000000111111111111111111111111000000111111100000000000001111111111111000111111111111111100000000000000000111111111111111111111111000111111111111111111111111110000000001111111111111100000000000111111111111111111111111110
01111111111111111111111111110000111111111111111111111111100000000000000111111111100000000000001111111111111111111111111000011111111111111111111111100000000000000000000000000000000011111111111111111111111100000000000011111111111111111111110000000111111100000000000001111111111111000111111111111111000000000000000000111111111111111111111111000111111111111111111111111110000000001111111111111100000000000111111111111111111111111110
00111111111111111111111111000000011111111111111111111111000000000000000011111111000000000000000111111111111111111111110000001111111111111111111110000000000000000000000000000000000000111111111111111111110000000000000001111111111111111111000000000111111100000000000000111111111111000011111111111111000000000000000000011111111111111111111100000011111111111111111111111000000000000111111111111000000000000011111111111111111111111000
00001111111111111111110000000000000011111111111111110000000000000000000001111100000000000000000000111111111111111100000000000011111111111111100000000000000000000000000000000000000000001111111111111111000000000000000000011111111111111100000000000011111000000000000000011111111100000000111111111100000000000000000000000111111111111111000000000000011111111111111111000000000000000001111111110000000000000000011111111111111111000000
00000000000000000000000000000000000000000000000000000000000000000000000000000000000000000000000000000000000000000000000000000000000000000000000000000000000000000000000000000000000000000001111111111000000000000000000000000011111111100000000000000000000000000000000000000000000000000000000000000000000000000000000000000000000000000000000000000000000000000000000000000000000000000000000000000000000000000000000000000000000000000000
